i2050_med: 305.7220116
i2050_lo: 249.0148108
i2050_hi: 369.6132252
paramset_hash: ff53e6c68430eefa9bf345de0708a0a0
